{
  "exact": 69.36747241640697,
  "f1": 72.04296013880722,
  "total": 11873,
  "HasAns_exact": 64.6255060728745,
  "HasAns_f1": 69.98415413766132,
  "HasAns_total": 5928,
  "NoAns_exact": 74.09587888982338,
  "NoAns_f1": 74.09587888982338,
  "NoAns_total": 5945
}
